    0   57  100  158  200  258  301  358
   10   57  110  157  209  258  309  358
   26   77  129  177  232  276  335  375
    6   74  107  175  207  275  307  375
   19   63  117  160  216  257  314  354
    5   51  106  150  206  250  306  350
    7   90  107  190  207  291  306  391
    5   72  105  170  205  267  306  365
   24   63  123  165  222  267  321  369
    0   60  100  160  200  260  300  360
   44   74  144  174  244  274  344  374
   49   92  149  190  249  287  288  349
    6   53  106  152  206  252  306  352
   36   60  136  159  236  258  337  358
   23   75  122  175  222  275  322  374
    6   53  106  153  206  253  306  353
   37   53  134  154  231  254  328  354
   43   92  144  192  245  291  346  391
   49   51  148  149  150  151  248  250
   43   75  143  175  243  275  343  375
   15   53  114  153  213  254  311  355
   41   87  140  188  239  289  339  390
   10   99  110  199  210  299  311  399
   29   51  131  154  233  256  336  359
   38   70  138  172  239  274  339  376
   32   97  133  194  233  291  333  388
   14   75  114  175  215  275  315  375
    5   88  106  187  207  287  308  387
   24   55  123  155  222  255  322  355
   41   56  141  157  241  257  341  357
    3   80  103  180  203  281  302  382
   31   87  131  185  231  283  331  382
   33   94  133  194  233  294  333  394
   11   92  111  190  210  289  310  387
   49   78  149  178  249  278  349  378
   10   95  110  195  210  295  310  394
   15   69  115  170  215  270  315  371
   12   63  111  165  210  267  309  369
   16   62  116  162  216  263  317  363
   41   92  140  192  239  292  338  391
   28   86  126  184  281  282  324  379
   44   81  144  182  244  283  344  383
   38   78  136  176  234  275  332  374
   29   77  130  178  231  279  332  380
    0   68  100  169  200  270  301  371
    8   88  108  191  208  293  307  396
   45   63  145  163  245  263  345  363
   12   90  112  190  212  291  313  391
   31   32   77  139  178  246  247  279
   22   76  121  179  219  282  317  385
   22   96  124  195  227  295  330  394
   34   70  134  162  163  234  254  255
   43   93  143  192  243  292  343  391
   36   91  136  190  235  289  335  389
   30   31   61   62  113  114  115  167
    3   79  104  176  205  274  306  372
   31   56  133  158  234  261  336  363
    3   53  102  155  201  256  257  300
   22   99  121  198  221  297  321  397
   30   78  132  176  233  275  335  373
   24   51  126  127  150  151  229  250
   49   86  149  186  249  286  349  386
   37   64  137  164  237  264  337  364
   32   97  133  197  235  298  336  398
   32   80  132  179  232  279  331  379
    7   97  106  197  205  297  305  397
   18   83  118  183  218  283  318  383
   43   89  143  189  243  289  343  389
    7   61  107  161  208  261  308  362
   18   51  118  151  218  251  318  351
   31   64  133  165  234  266  335  367
   38   39   66  144  163  249  260  261
    0   64  100  164  200  264  300  364
   44   50  144  151  243  251  343  351
   30   31   89  128  189  289  322  388
   42   92  143  193  244  295  345  396
    3   73  105  173  206  274  308  374
   46   59  146  159  246  259  346  359
    4   89  104  189  204  289  304  389
   43   52  144  154  245  256  346  358
   35   64  134  164  234  264  334  364
   29   71  130  169  232  267  333  365
   13   85  112  185  211  285  310  385
   20   89  121  194  221  222  298  299
   94  124  194  223  224  294  323  394
   31   70   71  138  174  245  277  278
   32   59  132  159  232  259  332  359
    1   94  101  194  201  294  301  394
   26   56  126  157  227  258  328  359
   11   81  116  181  221  280  326  380
   48   88  148  188  248  288  348  388
   26   85  123  124  190  191  221  296
   23   55  122  154  222  252  321  350
   26   27   95   96  142  143  188  189
   39   52  139  152  239  252  339  352
   11   81  110  181  210  282  309  382
    0    1   96  100  196  200  296  300
    8   63  108  163  207  263  307  363
   27   75  130  177  232  278  335  380
    5   90  105  191  204  291  304  392
   42   99  141  199  240  299  340  399
   22   91  121  191  220  291  320  390
   17   86  117  186  217  285  317  385
   42   69  142  169  242  269  342  369
   35   88  135  187  234  286  334  386
   15   62  114  162  214  262  313  361
   20   87  120  187  220  287  320  387
   30   64  130  164  230  263  331  363
   18   68  118  168  218  267  319  367
   46   89  145  188  244  288  343  387
   27   91  127  190  227  289  327  388
   39   84  139  184  239  283  338  382
   18   87  117  188  216  289  315  390
   33   87  129  183  279  321  374  375
   22   84  124  186  226  288  328  390
   49   60  149  159  248  258  348  358
   46   53  146  153  245  253  345  353
   22   83  185  186  228  288  331  390
   56  123  156  221  222  255  320  354
   28   97   98  133  134  198  239  299
    5   75  105  174  205  273  306  372
    3    4   83   84  108  195  196  197
   43   76  143  176  243  276  343  376
   43   50  143  150  243  250  343  350
   30   71  131  170  232  269  332  368
   64  127  128  164  230  264  332  363
   43   69  143  170  243  270  343  371
   12   72  112  172  212  272  312  372
    3   90  103  190  203  290  303  390
   12   65  111  167  210  269  309  371
   11   82  110  182  210  281  309  381
    3   64   65  102  158  159  202  253
   37   98  139  196  240  294  341  392
   26   90  123  190  221  291  319  391
   26   94  127  195  229  296  331  397
   48   80  146  182  245  283  343  384
   46   88  144  187  243  287  342  386
   36   73  135  174  235  276  335  378
   12   66  112  165  212  263  312  361
   31   91  131  191  232  291  332  391
   19   82  122  185  288  328  329  391
   26   85  129  186  232  288  335  389
   43   69  145  167  246  266  348  364
   14   76  115  176  215  276  315  376
    5   75  103  173  201  272  300  370
   10   11   69   70  116  117  156  157
   20   54  120  153  219  253  319  353
   39   80  139  180  239  280  339  380
   37   87  136  187  236  287  336  387
    0   95  101  192  202  289  303  386
    2   64  102  164  202  265  303  365
   42   70  142  170  242  271  341  372
    6   71  106  172  206  272  306  372
   31   32   86  133  192  193  235  299
   40   78  140  178  240  278  340  378
   40   62   63  141  156  157  243  251
   33   89  134  189  235  288  336  388
   21   22   64   65  136  137  157  158
   49   86  148  185  248  285  348  384
   33   65  133  161  232  257  332  353
    4   85  104  185  204  285  304  385
   24   98  197  198  226  297  327  396
   38   74  138  174  238  274  338  374
    9   94  109  193  208  293  308  392
   30   91  130  191  231  292  331  392
   44   87  145  185  246  283  347  381
   46   67  146  166  246  264  347  362
    8   92  108  192  208  291  307  391
   29   62  129  162  230  261  330  361
   46   57  146  156  247  256  347  355
   47   79  143  177  239  275  335  373
    6    7   58  105  106  153  154  204
   16   81  116  181  216  281  316  381
   36   51  135  151  235  251  334  351
   34   78  136  180  239  282  341  384
    9   82  110  182  210  281  310  381
   48   72  148  172  248  271  349  371
   42   69  143  170  243  271  343  371
   22   72  123  172  224  271  324  370
   32   95  132  195  232  296  332  396
   21   22   23   51  104  105  106  151
   39   56  140  156  241  256  342  355
   26   27   77   78   79   80  140  141
    6   61  108  163  209  265  310  367
   40   75  142  174  243  273  344  372
    2   73  101  171  201  270  300  368
   34   35   77   78  143  144  165  166
   17   70  117  170  217  271  317  371
    3   99  103  199  203  299  303  399
   31   89  129  189  226  288  324  388
   41   55  141  154  242  254  342  353
   44   88  144  188  244  289  344  389
   46   63   64  148  159  249  254  255
   12   65  111  163  209  262  307  360
    4   76  104  179  203  282  302  385
   49   59  149  159  249  259  349  359
   18   85  117  185  216  284  316  384
   43   71  143  170  243  270  343  369
    4   73  105  173  206  273  307  373
   29   81  128  182  227  283  326  384
    2   72  102  172  203  272  303  372
   49   79  149  179  249  279  349  379
    7   75  114  115  183  184  222  293
   46   52  146  152  246  253  346  353
   22   95  121  195  220  295  319  395
    3   76  103  175  203  274  304  374
   41   96  140  196  239  296  338  396
   40   85  140  185  240  285  339  385
   32   83  132  183  232  283  333  384
   16   78  117  178  217  278  318  378
   38   77  137  177  236  278  336  378
   40   51  138  151  236  250  333  350
   21   86  120  188  219  290  317  392
   17   93  117  193  217  293  317  393
   23   60  121  159  220  259  318  359
   40   54  141  154  241  254  342  354
   20   21   87  186  229  286  333  386
   36   60  142  143  159  248  249  259
   32   55  132  155  232  256  332  356
   35   90  136  189  236  287  337  386
    2   95  102  196  201  297  300  397
   45   59  144  159  243  258  342  357
   39   66  140  167  240  268  341  369
   30   31   82   83  139  140  190  249
    6   87  106  189  206  290  306  392
    6   69  105  169  205  269  305  369
    2   64  101  163  201  262  300  361
    5   62  106  163  207  263  308  363
    3   84  110  183  217  283  324  382
   14   96  114  196  214  296  314  396
    8   92  112  193  216  294  320  396
   22   81  124  182  227  283  329  384
    8   80  109  179  210  278  311  377
   16   94  114  195  212  296  310  397
   44   63  144  163  243  263  343  363
   15   87  118  187  221  287  324  387
    2   66  101  166  201  266  301  365
   15   89  115  189  215  289  315  389
   39   69  139  170  239  270  338  370
   47   57  146  157  245  257  344  357
   23   91  121  122  194  220  297  319
   49   63  149  165  249  267  349  369
   10   69  111  169  211  269  311  369
   43   81  143  181  243  281  343  381
    1   85  101  184  200  283  300  382
    6   77  106  176  206  276  306  375
   30   85  134  184  238  284  342  384
   41   96  141  197  242  298  342  399
   48   74  148  174  248  274  348  374
   34   52  134  153  233  255  333  356
    2   60  102  159  203  257  303  355
    5   56  105  157  205  258  306  359
   16   62  120  121  165  268  329  371
    7   82  107  184  207  285  306  387
   19   74  119  174  220  274  320  375
   11   66  111  158  159  211  251  252
   36   98  136  197  236  296  335  395
    4   51  105  151  206  250  308  350
   33   34   70   71  142  180  181  182
   38   94  138  194  238  294  338  394
   39   88  140  187  241  287  343  386
   21   54  120  154  220  254  319  354
   33   82  133  185  233  288  333  390
   28   55  128  154  229  254  329  354
   48   82  147  183  246  284  345  385
   16   95  116  195  216  294  316  394
   36   57  136  158  236  259  336  360
   18   85   86  115  116  192  193  213
   47   95  146  197  246  298  345  399
    3   68  103  168  203  269  304  369
   13   99  113  199  212  299  312  399
   34   90  131  190  229  290  327  390
    6   83  107  183  207  283  308  383
   37   57  139  156  241  255  343  354
   35   53  136  154  237  256  337  357
   43   80  144  181  245  282  346  383
   30   93  130  193  230  293  330  393
    8   90  109  190  210  291  311  391
   47   50  147  150  247  250  346  350
   14   84  113  183  213  283  313  383
   44   53  145  154  246  254  347  355
   47   55  147  155  247  255  347  355
   37   97  137  197  237  297  337  397
   13   56  113  156  213  256  314  356
    9   94  109  194  209  294  309  394
   33   86  131  185  230  284  328  383
   49   57  147  159  246  260  345  362
   45   93  146  193  246  293  347  393
    9   75  109  175  208  276  307  377
   40   76  140  175  240  275  339  375
   29   53  129  153  230  253  330  353
   20   69  122  166  263  327  359  360
   16   62  108  109  162  201  202  262
   12   62  112  160  213  259  313  357
   23   63  161  228  259  330  331  357
   29   50  129  150  230  250  330  350
    6   65  106  165  206  265  306  365
   18   69  117  170  215  270  314  371
    2   97  102  197  202  296  302  396
   22   23   93  195  227  297  329  399
   19   62  119  159  218  256  318  353
   13   84  114  185  214  286  314  387
   38   61  138  160  238  260  338  359
   49   92  145  192  240  292  336  392
    4   96  104  196  204  297  304  398
   10   82  110  183  210  283  310  383
    6   53  107  154  207  256  307  357
   27   95  128  194  228  294  329  394
   42   74  141  172  240  270  339  368
   22   84  122  183  221  281  320  380
   34   51  135  152  236  253  337  354
   15   79  115  177  215  276  315  374
   10   71  109  173  208  275  307  377
   36   96  136  196  236  296  336  396
   46   84  146  184  246  284  346  384
   46   90  145  190  244  290  343  391
   33   90  132  191  232  292  332  392
   31   82  131  182  231  282  331  382
   17   69  112  170  207  270  302  371
   20   75  119  174  219  273  319  372
    7    8   71   72  101  102  178  179
   19   95  118  194  217  294  316  393
   24   59  160  226  260  326  327  360
   34   81  132  182  231  282  329  383
   26   50  127  153  228  257  329  360
   40   70   71  143  176  246  247  282
   30   62  128  162  227  261  326  361
    5   78  105  178  205  278  305  378
    8   78  109  179  211  280  312  381
    0   61  100  162  200  264  301  365
    3   73  103  173  203  273  303  373
   36   84  135  185  234  286  333  387
   30   77  132  178  233  278  335  378
   48   79  147  179  247  278  346  378
   48   90  147  192  246  294  345  396
   39   66  139  167  240  268  341  368
   17   96  117  196  217  296  317  396
   11   60  109  157  207  254  305  351
   41   42   63  145  162  248  249  261
   40   71  141  171  241  271  341  371
   48   64  148  164  249  264  349  364
   44   81  144  181  244  281  344  381
   21   74  122  174  223  224  275  376
    0   82  100  182  200  282  300  381
    7   94  107  194  207  294  307  394
    2   86  102  186  203  286  303  386
   31   32   52   53  140  141  162  163
   39   87  139  188  240  288  340  388
   31   59  131  157  232  256  332  354
   49   86  148  185  248  284  347  383
   41   96  141  196  241  296  342  396
   45   65  146  165  246  265  346  364
   41   93  140  193  239  293  338  393
    7   57   58  110  155  213  252  316
   40   86  139  188  238  290  337  392
   14   65  114  165  214  265  314  365
   38   84  138  184  238  284  338  384
   37   96  138  197  238  298  339  398
   13   70  114  170  214  269  315  369
   38   96  138  196  238  296  338  395
   11   87  109  189  208  290  306  392
   28   29   70  137  138  169  246  268
   47   76  147  176  247  276  347  376
   38   88  134  188  229  230  288  388
   32   79  138  139  177  245  246  276
   32   66  132  166  233  265  333  365
   44   72  143  173  242  274  341  375
   13   78  113  178  213  278  313  378
    8   94  108  194  208  294  308  394
   39   86  135  186  231  285  327  385
    1   59  101  159  202  259  302  359
   24   91  124  191  223  291  323  392
   33   93  133  192  233  291  334  390
   19   72  121  172  224  271  326  370
   43   96  143  196  243  296  343  396
   12   63  112  163  212  263  312  363
    7   91  107  193  207  295  308  397
   28   71  127  171  226  272  326  372
   43   97  143  197  243  298  343  398
   43   44   62   63  146  165  249  267
   12   56  113  156  213  255  313  355
    4   58  104  158  205  259  305  359
   31   50  132  150  232  251  332  351
   33   57  133  156  233  256  333  356
   77  126  127  178  228  279  330  380
    3   57  104  155  205  254  306  352
   16   92  116  192  216  292  316  393
   24   65  126  164  227  264  328  363
   13   67  113  168  213  268  313  369
    6   90  106  190  205  289  305  388
   39   84  139  184  239  284  339  384
   20   60  120  159  220  259  320  359
    4   66  104  168  204  270  305  372
    6   80  106  180  206  280  306  380
   21   54  122  155  223  255  323  355
    1   82  101  182  201  281  301  380
    5   60  105  159  205  259  305  359
    3   96  103  196  203  296  303  396
   26   51  127  153  228  255  328  357
   22   72  123  170  224  268  326  366
   41   53  141  153  241  253  341  353
   24   63  126  164  228  266  330  368
    4   82  104  181  204  281  304  380
   12   62  114  155  156  216  217  250
   49   57  148  157  248  257  348  358
   33   93  134  193  236  292  337  392
   40   69  140  168  241  268  341  368
    1   88  101  188  201  288  301  388
   14   66  114  166  214  266  314  367
   35   36   68   69  143  144  161  162
    5   94  105  194  205  294  305  394
   31   55  131  155  231  255  331  355
   34   74  134  175  234  275  334  375
   16   74  116  174  216  274  316  374
    6   93  106  193  207  293  307  392
   28   74  124  174  221  273  318  373
   16   77  116  177  216  277  316  377
   30   78  130  178  230  279  331  379
   17   61  117  160  216  260  316  359
   24   67  126  169  227  271  328  373
   32   90  132  190  232  289  332  389
   34   69  134  168  234  268  334  368
    8   66  107  166  206  266  306  365
   22   64  124  166  226  268  328  370
   38   51  138  151  238  251  338  351
   13   56  113  156  213  256  313  356
   29   70  131  168  233  266  335  364
   10   89  111  190  211  290  311  390
   36   73  136  173  236  273  336  373
   45   86  144  187  243  288  342  389
   38   63  138  164  238  265  339  366
   34   81  134  181  234  281  334  381
   23   97  122  196  222  296  321  396
   48   89  148  189  248  289  348  389
    7   88  107  187  207  287  307  387
    5   54  105  154  205  254  305  355
   13   14   72  107  169  200  201  266
   42   61  143  163  243  265  343  366
   45   79  145  178  245  277  345  376
   12   78  114  179  216  279  318  380
   38   50  137  150  236  250  335  350
   19   68  118  168  217  268  317  368
    8   81  108  179  207  278  307  376
   38   94  137  194  237  293  336  393
    8   99  108  199  208  299  307  398
   46   87  145  187  244  287  343  386
   11   90  111  190  211  290  311  390
   46   77  146  177  246  277  345  377
   35   36   83  142  143  185  249  288
   35   87  132  187  229  287  326  387
   35   79  135  186  187  235  293  294
   29   70  129  169  229  269  330  368
    0    1   61  104  156  157  207  252
   19   82  119  182  218  282  318  382
    6   78  106  178  205  278  305  377
   43   76  144  176  245  276  346  376
   23   63  123  162  223  261  323  361
   41   73  141  173  240  272  340  371
   26   89  126  189  226  290  326  390
   10   61  110  161  210  261  310  361
   41   80  142  177  243  273  344  370
   13   96  112  194  211  291  310  389
   28   29   84  127  185  287  323  388
   28   29   61  123  124  157  218  253
   35   96  135  197  235  297  335  398
   12   52  111  153  210  255  309  357
    5   65  110  163  215  261  320  359
   20   93  122  192  291  292  327  391
   12   55  112  154  211  253  310  352
    9   84  108  180  208  276  307  372
   29   69  130  169  230  269  330  369
    8   53  106  156  204  259  302  362
   14   97  113  198  213  298  312  398
   41   42   76  145  175  248  249  274
   46   89  141  189  236  289  331  388
   43   68  142  168  242  268  342  367
   31   64  131  164  231  264  331  364
   42   86  142  186  242  286  341  386
    8   75  107  176  207  276  307  376
   18   89  118  189  218  288  317  388
   32   68  133  170  235  271  337  373
   39   54  139  154  239  255  339  356
   23   66   67  165  227  264  329  363
    6   73  106  173  207  272  307  372
    0   64  100  164  200  264  300  364
    3   61  102  162  202  263  302  364
   34   96  134  196  234  295  334  395
   34   51  135  151  235  250  335  350
   49   81  149  181  249  281  349  381
   73  124  173  223  274  322  374  375
   48   72  147  172  246  272  346  372
   38   39   90  143  190  247  248  290
    3   65  103  163  203  261  302  359
    6   55  106  155  207  255  307  355
   40   53  141  156  241  259  342  362
   22   69  127  169  232  268  337  368
   12   57   58  113  154  214  250  251
   47   66  147  166  248  266  348  367
   35   89  135  189  235  289  335  389
   34   68  134  167  234  267  334  366
   48   55  148  156  248  257  347  358
   44   72  145  173  246  274  346  375
   19   58  118  156  217  254  316  352
   17   70  116  168  215  266  314  364
   49   73  148  172  248  270  347  369
   14   66  116  166  218  266  320  365
   39   92  139  192  239  292  339  392
   27   56  128  156  229  256  330  356
   19   61  121  163  222  265  324  367
   40   77  139  178  239  278  338  379
   40   83  140  184  241  284  341  384
   15   89  115  188  214  288  314  388
   39   55  139  155  239  254  339  353
   23   79  120  181  218  282  315  383
    0   86  100  188  201  289  301  391
    4   68  105  169  206  269  307  369
   36   37   89  141  190  245  291  349
   22   83  121  190  191  221  297  298
    3   68  104  167  206  266  307  365
   65  126  165  227  265  327  328  364
   42   71  143  170  244  270  345  370
    2   91   92  101  195  196  200  299
   39   77  140  177  241  277  342  377
   24   86  127  187  230  287  333  388
    7   91  108  192  210  293  311  393
    7   57  107  157  207  257  307  357
   18   19   52   53  107  108  159  160
   38   60  138  161  238  262  338  362
    5   73  109  171  213  270  317  369
   44   52  144  152  244  252  344  352
   23   70  122  169  221  269  321  369
   33   90  135  192  237  294  339  396
   11   89  111  189  211  289  311  389
   31   73  131  175  232  277  332  379
   47   82  147  183  247  283  348  383
    2   59   60  104  154  155  207  250
    4   65   66  105  158  206  250  251
   28   95  129  195  230  296  331  396
   20   21   57  123  158  258  327  359
   44   77  146  177  247  276  349  376
    7   82  107  182  207  282  307  382
   42   68  144  168  246  268  348  368
   40   76  141  176  241  276  342  377
   27   94  128  195  229  295  331  396
   26   52  128  152  230  252  332  352
   17   82  116  182  216  282  316  382
   24   88  124  190  223  292  323  394
   45   95  145  195  245  295  345  395
    4   93  104  193  204  293  304  393
    5   99  105  199  205  299  305  399
    9   95  108  195  208  295  308  395
   56  121  157  217  218  258  314  359
    4   76  104  176  204  276  304  376
   47   54  147  154  248  254  348  354
   19   20   59   60  104  105  168  169
    2   97  103  197  204  298  305  398
   20   80  118  182  217  284  316  385
   48   57  148  157  248  257  348  357
   44   89  144  190  244  290  343  390
   23   68  122  168  222  268  322  368
   13   86  113  184  212  282  312  380
   49   88  149  188  249  288  349  388
   15   96  115  196  215  296  315  396
   13   51  112  151  212  251  311  351
   30   31   62  139  160  247  248  258
    9   10   51   52  103  104  160  161
   15   60  115  161  215  263  315  364
   48   70  148  170  248  270  348  370
   15   79  115  179  215  279  315  379
   11   50  111  150  211  250  311  350
   29   30   78  141  142  143  174  175
    6   95  105  195  204  294  303  394
   19   20   56   57  122  123  151  152
   21   78  121  177  221  277  322  377
   28   53  129  153  230  253  330  353
   23   24   74  174  227  273  328  373
   17   86  117  185  217  284  318  383
   10   58  110  158  210  258  310  358
   49   63  149  163  249  263  349  363
   24   53  124  153  224  253  324  353
   47   87  146  186  246  284  345  383
   47   48   62   63  145  156  243  250
    9   67  109  168  209  269  309  369
   42   97  142  195  242  294  341  392
   41   42   56  144  145  154  248  252
   38   75  141  177  244  279  347  381
   24   77  123  177  223  276  322  376
    4   62  104  162  204  262  304  362
   33   91  133  192  234  294  334  395
   34   74  129  165  166  224  255  256
   41   73  142  174  242  275  343  376
    6    7   86  109  192  211  297  298
   18   81  117  181  217  280  317  380
   48   55  147  155  246  255  345  356
   36   66  136  167  235  269  335  370
   43   55  143  155  243  255  343  355
   13   76  116  177  218  277  321  377
   44   65  142  164  240  264  338  363
   48   86  149  186  249  286  349  385
   31   87  132  187  233  286  334  386
   12   69  112  169  212  269  312  369
    2   94  102  196  201  298  301  399
   18   80  118  180  218  280  318  380
   17   92  119  192  221  293  323  393
   43   44   76   77  147  148  172  173
   19   58  117  158  215  258  313  358
   18   69  118  168  218  268  318  368
    5   81  103  182  202  282  300  383
    6   93  107  193  208  294  309  394
   48   56  148  156  248  256  348  356
   38   51  138  150  239  250  339  350
   35   66  135  166  235  266  335  366
   47   89  148  189  248  289  349  388
   12   60  114  159  217  259  319  359
   28   98  126  194  289  290  323  385
   28   29   30   69   70  110  111  167
   45   95  146  194  248  293  349  392
   49   81  148  181  247  281  346  381
   37   70  137  170  237  270  337  370
   18   86  118  186  218  286  318  386
   39   73  140  173  240  273  341  372
   40   56  140  156  241  256  341  355
   11   65  111  165  212  264  312  364
    0   56  100  157  200  257  300  357
    1   55  101  156  201  257  301  357
   34   90  133  189  232  288  331  386
   24   61  123  161  223  261  322  360
   39   82  139  182  239  281  340  381
    8   59  109  158  209  258  310  357
   21   72  120  172  219  272  318  371
   40   92  140  192  240  293  341  393
   18   98   99  109  110  187  188  200
   35   79  135  178  235  278  335  378
   14   88  114  189  214  290  314  391
   15   62  115  162  215  263  315  363
   30   62  130  162  231  262  331  362
   33   93  134  194  235  295  335  395
    6   72  105  173  204  274  302  375
   19   85  119  185  218  285  318  384
   48   66  148  167  248  267  347  368
   31   62  132  161  232  259  333  358
   45   55   56  145  153  246  250  251
    1   95  102  195  202  295  302  395
   22   85  185  228  285  331  332  385
    8   79  109  179  210  278  310  378
   36   37   55  141  158  245  246  261
   16   82  109  110  180  202  203  279
   17   69  119  168  220  267  321  366
   26   27   80  178  223  276  321  374
   12   89  113  190  214  291  314  392
    9   78  110  178  210  278  311  378
    5   76  104  173  203  271  302  368
   41   89  141  189  241  289  341  389
   49   70  147  169  246  269  344  369
    5   55  104  155  204  256  304  356
    4   80  102  103  180  201  281  300
   47   62  147  161  247  260  348  359
    7   95  106  195  204  295  303  395
   42   72  142  171  242  270  342  369
   34   97  133  197  233  297  332  396
    4   72  104  172  204  272  305  371
   42   43   71   72  145  146  159  160
   32   82  132  182  232  283  333  383
   29   95  129  195  229  295  329  395
   15   83  114  183  214  284  313  384
   43   75  142  174  242  273  341  372
   30   73  132  173  233  274  334  374
   13   75  113  175  213  275  312  375
   15   66  115  166  215  266  314  366
   10   85  111  185  212  286  312  386
   30   52  130  152  230  252  330  352
   13   53  113  153  213  252  314  351
   30   96  128  197  227  297  326  398
   42   59  143  158  243  257  344  356
    6   51  106  151  207  250  307  350
   26   71  128  172  231  273  333  374
   75  120  186  187  215  297  298  299
   11   97  109  198  206  298  304  399
   12   75  112  175  212  275  312  375
    9   91  109  191  209  291  309  391
   15   51  112  153  208  254  305  356
   47   52  147  153  248  255  348  357
   33   68  129  167  266  320  321  365
   10   78  110  178  210  279  310  379
   11   64  111  164  211  264  311  364
    0   59  100  158  200  257  300  356
    2   81  102  185  202  289  303  393
   16   81  116  181  215  280  314  380
   35   69  135  169  235  269  336  370
    9   71  109  170  210  270  310  369
    1   59  100  163  200  267  300  371
   37   89  137  189  237  290  337  390
   10   78  108  177  205  277  303  376
   33   57  133  157  233  257  333  358
   31   82  132  182  233  283  334  383
    4   51  104  152  204  252  305  353
   28   29   73  127  168  226  263  358
   15   99  115  199  215  299  315  399
    3   80  104  179  204  279  304  379
    6   80  106  180  206  280  306  380
   15   61  115  161  216  261  316  362
    3   87  103  188  204  289  304  389
   17   85  116  185  215  285  315  385
   33   64  133  164  234  264  334  364
   17   73  117  173  217  272  317  372
    4   99  104  199  204  299  304  399
   12   84  111  183  210  282  309  381
   14   66  114  165  215  265  315  365
   32   98  131  198  229  297  328  397
   49   77  149  177  248  278  348  378
   23   80  122  180  222  280  321  380
   38   75  139  176  239  277  340  378
   47   50  146  150  246  250  345  350
    3   68  103  168  203  268  303  368
   39   61  138  158  238  255  338  353
   38   86  139  186  239  285  340  385
   20   21   91  113  190  205  206  289
    0   93  101  193  203  292  304  391
   31   91  130  191  228  292  327  392
   17   93  117  193  216  294  316  394
   12   50  112  150  212  250  312  350
   43   66  144  165  245  264  345  363
   32   94  133  194  233  294  333  394
   14   62  114  160  214  258  314  356
   16   90  115  190  213  290  311  390
   37   63  137  163  237  262  338  362
   21   64   65  122  165  224  265  365
   40   57  144  145  157  248  249  257
   29   82  129  182  230  282  331  381
   26   53  155  224  257  322  359  360
   39   56  139  156  239  256  339  356
    6   56  106  155  207  254  307  353
   33   71  137  176  241  281  345  386
   42   79  139  175  236  271  333  367
   37   90  138  191  240  292  341  393
    7   88  107  188  207  288  307  388
   46   55  146  155  246  256  347  356
   38   88  137  187  237  286  337  386
   30   76  131  176  232  277  333  377
   29   52  129  153  230  254  331  355
   49   89  149  189  248  289  347  389
   41   96  141  195  242  295  342  394
   20   89  122  187  188  224  286  385
    9   91  109  190  209  290  308  389
   10   74  110  175  210  275  310  375
    3   62  106  163  209  264  312  365
   13   14   88   89  110  193  206  298
   24   82  184  227  285  286  328  387
    4   86  105  185  205  284  306  383
   34   87  134  186  234  286  334  385
    9   82  109  182  209  282  309  382
   10   11   55  115  154  220  252  351
   21   66  121  166  221  266  321  366
    4   66  105  166  205  266  306  365
   41   90  140  190  240  289  340  389
   40   55  140  155  240  255  340  355
    6   96  106  197  207  297  308  398
    4   51  104  150  204  250  304  350
    7   73  107  171  207  269  307  367
   10   68  108  169  207  269  306  370
   47   90  145  190  244  291  343  391
    9   71  109  171  209  271  309  371
    8   88  107  188  207  288  307  388
   42   65  142  164  242  263  341  362
   41   84  140  184  239  284  338  384
   17   67  117  167  217  267  317  367
    1   74  102  174  203  274  303  374
   14   93   94  112  196  210  298  299
   40   74  144  168  247  248  261  262
   42   57  142  157  242  256  342  356
   21   91  120  192  220  293  320  393
   19   83  120  182  221  281  323  380
   14   96  113  197  213  297  313  398
   12   55  112  155  212  255  312  355
   11   85  111  186  210  288  310  389
   16   98  116  198  216  299  316  399
   46   60  146  160  246  260  346  360
   11   80  111  180  211  280  311  380
   26   98  129  198  232  297  335  396
    7   50  107  150  207  250  307  350
    7   74  107  176  206  278  305  380
   44   97  144  196  244  296  344  396
   41   62   63  143  157  244  251  252
   21   86  124  185  227  284  330  383
    9   85  108  186  208  286  307  387
    2   57  101  157  200  256  300  355
    7   84  107  185  206  285  306  385
   44   63  144  164  243  265  343  366
   19   57  119  157  219  257  319  357
   11   79  111  179  211  279  311  379
   12   89  110  191  209  292  307  394
   35   95  132  195  228  229  295  395
   33   57  136  156  239  255  342  354
    6   68  105  169  205  270  305  371
   39   84  137  184  234  284  332  383
   21   73  120  173  220  273  320  373
   28   77  131  178  233  278  336  378
    6    7   57  113  114  154  220  251
   13   70  114  170  214  269  314  369
   12   90  113  191  213  291  313  391
   24   96  123  196  223  297  322  398
   26   79  129  179  232  279  335  379
   13   75  110  173  206  272  303  370
   19   78  118  180  217  281  316  382
   18   64  118  164  217  264  317  363
   34   55  135  155  236  256  337  356
   28   89  129  189  230  289  330  388
   43   66  143  166  243  266  343  366
   37   89  136  188  236  288  336  387
   40   61  141  161  241  261  341  361
   11   91  113  189  215  287  317  385
   11   76  111  174  212  272  313  370
   47   68  147  168  248  267  348  366
   36   58  136  157  235  256  335  355
    6   64  106  163  205  262  305  362
   27   79  130  181  233  283  336  385
   49   71  149  171  248  272  347  372
    1   79  102  179  202  279  303  379
   27   58  126  158  226  258  326  358
    5   65  105  164  205  263  306  362
   33   61  136  159  239  257  342  356
   14   85  113  186  212  287  311  389
   42   60  143  161  243  262  344  364
   49   75  148  175  247  275  346  375
   47   85  147  185  247  285  347  385
    6   94  106  195  205  296  305  397
   16   98  115  196  213  295  312  393
   21   73  122  173  223  274  324  374
   20   56  118  155  217  255  316  355
    6   73  105  173  204  274  303  374
   29   30   81   82  140  141  194  195
   27   73  126  174  224  275  323  376
   31   69  127  171  223  273  319  375
    8   75  107  173  207  270  307  368
   43   74  142  172  240  270  339  368
    6   83  106  182  206  282  306  381
    2   88  102  188  201  288  301  388
   45   54  145  155  244  256  343  357
    5   84  105  183  205  283  305  383
    2   61  101  156  157  200  252  253
   36   53  136  153  237  253  337  353
   29   68  131  167  233  267  335  367
   39   53  139  153  238  253  338  353
    7   83  107  184  208  284  309  384
   29   88  131  188  233  288  335  388
   39   85  139  182  239  279  339  376
   12   76  107  108  176  202  203  276
   44   62  145  161  245  259  346  357
   13   88  113  188  212  288  312  388
   35   58  135  158  235  258  335  358
   16   74  116  174  216  274  316  374
   47   54  147  154  247  253  348  353
   19   64  119  164  219  265  319  365
   14   63  113  162  213  262  312  361
   37   60  138  161  239  262  340  363
   12   84  111  185  211  286  310  388
   47   54  147  152  246  251  346  350
   29   84  130  181  231  278  332  375
   38   61  140  161  241  260  343  360
   20   50  117  152  213  255  310  357
   14   59  114  159  214  259  315  359
   14   65  114  165  214  265  314  365
   48   72  148  171  248  270  348  369
    9   62  108  160  207  258  306  356
   37   90  138  190  239  291  340  391
   32   33   68   69  144  145  175  176
   41   84  144  145  183  247  248  283
   47   72  147  172  248  272  348  372
   45   84  145  184  245  284  345  384
   40   87  139  188  239  288  338  389
   46   98  147  148  194  195  249  291
    0   99  100  199  200  299  300  399
   34   85  134  185  235  285  335  385
   10   99  110  198  210  298  310  398
    4   52  105  154  207  256  308  358
   42   71  142  172  242  272  343  372
   42   57  141  157  240  256  340  356
    8   59  108  160  208  260  308  360
   34   68  132  168  229  268  327  368
   12   50  112  150  212  250  312  350
   37   85   86  135  192  193  234  299
   26   57  128  156  230  255  332  353
   34   60  134  160  234  260  334  360
   16   64  116  164  216  264  316  364
   49   60  149  160  249  259  349  359
   45   79  144  179  243  279  342  379
   27   90  128  189  230  288  331  386
   39   84  140  183  241  283  341  382
   33   98  133  197  232  297  332  397
   30   94  130  194  230  294  330  394
   48   90  148  190  248  290  348  390
   36   84  136  184  236  284  336  383
   36   96  135  196  235  296  335  396
   17   71  117  171  217  270  316  370
    1   67  101  167  201  267  301  368
    1   58  101  159  201  259  301  359
   19   20   54   55  106  107  161  162
   12   64  112  164  212  264  312  365
   18   63  118  163  218  263  317  363
   30   55  130  154  231  253  331  352
   29   30   55  128  153  227  252  350
   39   92  142  188  244  285  346  381
   14   68  107  108  166  201  202  264
    9   96  108  195  207  293  306  392
   30   55  131  155  233  256  334  356
   49   54  149  157  249  260  349  363
    9   60  109  160  210  261  310  361
    8   55  107  156  206  258  305  359
   13   70  113  170  214  270  314  370
   32   60  132  160  232  260  332  360
   37   57  137  156  238  255  338  354
   40   66  140  166  240  266  340  366
   18   52  119  151  219  251  319  350
    5   86  106  186  207  286  308  386
   46   54  146  154  246  254  346  354
    1   57  102  155  203  253  304  351
   19   63  119  164  219  264  319  364
   29   58   59   60   61  186  187  188
   27   28   29   59  139  140  141  159
   49   52  148  152  248  253  348  353
   18   19   84  122  186  288  328  390
    1   96  101  194  202  292  302  390
   37   80  136  180  236  281  335  382
   14   63  114  163  215  263  315  363
   33   34   63  140  162  246  247  260
   33   53  133  153  233  253  333  353
    8   90  108  190  208  290  308  390
   29   79  131  179  233  280  335  381
    0   98  108  109  198  217  218  299
   14   60  113  161  211  262  310  364
    8   89  108  189  208  289  308  388
   29   58  128  157  227  255  327  354
   23   72  121  175  219  277  317  380
   15   70  119  170  222  271  326  372
   10   54  111  154  211  254  311  354
   21   80  123  181  282  283  327  384
    5   67  107  167  208  268  309  368
   35   71  134  171  234  271  334  371
   28   80  128  180  229  279  329  379
   49   67  149  167  249  267  349  367
   15   79  113  180  211  282  309  383
   46   96  143  197  241  298  338  398
   16   92  116  193  215  294  315  394
   31   77  131  177  231  278  331  378
   35   88   89  134  193  233  297  298
   42   64  142  164  242  264  342  364
   41   61  142  161  242  261  343  361
    7   89  108  189  209  290  310  390
   45   63  145  163  244  263  343  363
    9   85  109  185  209  284  309  383
    8   78  108  178  208  278  307  379
    6   65   66  109  157  158  212  250
    4   89  104  189  203  289  303  389
    4   71  104  171  204  270  304  370
   30   92  192  220  221  292  316  392
   40   64  139  164  239  264  339  364
    3   63  103  163  203  263  304  362
   15   79  114  177  214  274  313  372
   49   62  148  162  247  262  346  362
    3   73   74  103  165  203  256  257
   39   80  139  180  238  281  338  381
   12   82  112  183  212  283  312  384
   47   55  147  155  247  255  347  355
    9   52  109  152  209  252  309  353
   16   76  116  175  215  275  314  375
   39   63  140  162  241  260  342  358
   13   86  113  186  212  286  312  387
   36   60  137  161  239  262  340  363
   13   87  113  186  213  285  313  384
   35   97  135  198  235  298  336  399
   49   97  148  194  247  291  346  388
   15   62  114  159  214  256  313  353
   28   95  128  195  229  295  329  394
    8   57  109  159  209  262  309  365
    6   97  105  196  205  296  304  396
   39   69  140  170  241  271  342  371
   14   92  115  189  215  286  315  383
   60  121  161  217  262  313  314  363
   33   74  134  174  234  274  334  374
   13   63  114  164  214  264  315  365
    1   93  105  195  209  297  313  399
   55  120  154  216  253  254  312  353
   46   74  146  173  246  272  346  371
   49   91  147  192  245  294  344  395
   32   59  132  159  233  258  333  358
    2   65  102  165  202  265  302  365
    0   85  100  185  200  285  300  385
    1   69  101  169  201  270  301  371
   24   52  123  151  223  251  322  350
    8   81  108  181  208  281  308  382
   31   67  132  167  232  267  333  367
   43   99  143  198  243  297  343  395
   39   64  139  164  239  264  339  364
   46   72  146  171  246  271  346  370
   32   94  134  193  235  293  337  393
   24   74  122  172  221  271  319  370
   15   53  115  153  215  253  315  353
   18   97  118  197  218  297  318  397
   14   52  114  152  214  252  314  352
   32   85   86  133  192  193  234  299
   37   69  137  169  237  269  337  369
   48   64  147  162  247  260  346  359
   31   76  131  176  231  276  332  376
   48   86  148  186  248  286  348  386
   11   85  111  185  211  285  311  385
   10   88  110  187  210  287  311  387
    2    3   53  101  152  200  250  251
   37   72  137  172  236  272  336  372
   11   12   13   67  130  131  132  168
   21   63  166  228  229  269  332  372
   18   65  118  165  218  265  318  366
   42   72  142  173  242  274  342  375
    8   70  107  160  161  207  250  251
    9   10   55  105  159  201  263  264
    2   90  102  190  203  290  303  390
    7   61  107  160  207  259  307  358
   34   35   64   65  123  124  153  154
    9   87   88  108  192  206  296  305
   38   99  138  199  238  299  338  398
    8   57  108  157  209  257  309  357
    6   71  106  171  206  271  305  371
   28   78  128  177  228  277  329  376
   48   70  149  173  249  276  349  379
    7   74  107  173  206  273  306  373
   49   56  149  156  249  256  349  356
   37   58   59  140  155  243  251  252
   36   98  134  197  232  297  330  396
    9   96  109  196  209  297  309  397
   33   61  133  162  233  262  333  363
   15   62  115  162  215  262  315  362
   36   89  134  187  232  285  330  383
    3   60  102  158  201  256  300  354
   20   93  118  119  195  196  217  298
   20   62  118  162  217  262  315  362
   31   92  131  192  231  292  331  392
   43   57  143  157  243  257  343  357
   14   66  118  164  222  261  326  359
   35   55  134  154  234  254  334  353
   35   92  135  193  235  294  334  395
   43   98  143  196  244  293  344  391
    8   83  108  183  208  284  308  384
   10   53  111  154  211  255  311  357
   55   56  120  155  215  254  310  354
   31   57  131  157  231  257  331  357
   34   55  134  156  234  256  334  356
   47   58  147  158  247  258  348  358
   33   90  132  189  232  289  332  389
    7   83  107  184  208  284  308  385
   31   83  131  183  231  284  331  384
    6   85  106  185  206  285  307  385
    8   86  108  188  208  291  308  394
    6   70  105  168  205  266  304  364
   16   73  116  174  216  274  317  374
   46   55  142  159  238  262  334  366
   30   92  127  191  224  291  321  390
   48   91  147  190  247  290  346  389
   36   99  135  199  235  298  335  398
   20   79  119  179  218  279  317  379
   17   80  117  179  217  277  317  376
   11   81  110  180  210  280  309  379
   42   68  139  167  237  265  334  363
    0   91  100  191  201  291  301  392
   10   69   70  108  160  161  206  251
   19   95  119  192  218  289  318  386
    5   71  105  171  205  272  306  373
    1   81  100  182  200  282  300  382
   16   90  119  192  222  294  324  395
    8   53  107  153  207  254  306  354
   29   74  131  174  233  273  335  373
    2   88  102  187  201  287  301  386
   24   81  123  180  222  279  321  378
   39   51  139  152  239  253  339  354
   79   80  124  177  224  275  323  373
   12   77  112  177  212  277  312  377
   23   73  122  170  221  267  320  364
   22   76  176  227  277  329  330  377
   41   51  141  151  242  252  343  352
   46   78  146  178  246  278  346  378
   18   60  118  160  218  260  318  360
   43   67  144  165  245  262  346  360
   18   59  118  159  218  259  318  359
   30   77  129  177  228  277  327  377
   37   59  138  158  238  257  339  356
   17   79  117  179  217  279  317  379
   10   88  109  188  208  287  308  386
   38   78  138  176  239  274  339  372
   11   88  111  189  210  289  310  389
    6   65  107  164  207  263  308  362
    5   86  105  184  205  282  305  380
   27   82  127  182  228  282  328  383
    6   82  106  183  206  283  306  383
   49   52  149  153  248  254  348  355
    1   54  101  154  201  254  301  354
    6   88  106  187  206  286  307  385
   33   66  133  164  233  263  333  362
   35   36   94  142  143  195  249  295
    3   76  104  177  204  277  305  378
   34   97  133  197  233  296  333  396
   14   15   83  109  110  184  204  286
   28   53  128  153  228  253  328  353
   14   56  116  155  218  254  320  353
   11   66  111  166  210  265  310  365
   36   70   71   72  134  152  153  154
   31   95  131  194  231  294  331  394
   28   88  126  188  288  323  324  388
   28   66  128  166  229  266  329  366
   34   74  134  174  234  273  334  372
   36   84  136  184  236  285  335  385
   43   52  142  152  242  252  341  352
   10   62   63  116  157  222  223  252
   28   77  127  178  226  278  279  379
   47   57  145  155  244  254  343  352
   22   95  122  196  222  296  322  396
   19   67  119  167  219  267  319  367
   39   65  141  166  243  267  345  368
    8   86  108  186  208  286  308  386
   22   71  120  171  218  270  316  370
   35   70  135  170  235  270  335  370
   36   79  139  179  241  280  343  381
   46   88  146  189  245  291  345  392
   13   79  113  179  212  279  311  379
   32   97  132  197  232  297  332  397
    7   82  108  183  208  284  309  385
   46   84  146  184  245  283  345  383
   26   83  122  182  218  281  314  380
   10   68  110  168  210  268  310  368
   33   51  133  151  233  251  333  351
   42   85  141  184  241  284  340  383
   28   53  126  153  224  252  322  352
    4   71  104  174  205  276  305  379
   28   66  126  165  224  265  322  364
    8   97  108  197  208  297  308  397
   76  124  174  175  223  273  322  371
   21   90  120  188  220  286  320  384
   49   93  149  193  249  293  349  393
   16   57  116  157  216  257  316  357
    9   88  110  190  211  291  312  393
   42   63  142  163  242  263  342  363
   11   77  106  107  178  202  203  279
   15   64  114  165  213  266  311  367
   13   89  113  189  213  289  313  389
   38   54  139  154  240  254  341  355
   38   84  138  185  237  286  337  387
   41   82  141  181  240  280  339  379
   30   31   71  143  144  145  169  170
    3   70  104  170  204  270  304  370
   48   59  147  159  247  260  347  360
   22   61  122  160  222  259  322  358
   15   77  114  178  214  279  313  380
   22   23   93  129  130  196  236  237
   30   85  132  184  233  284  334  383
   44   66  144  166  245  265  345  364
   40   92  139  192  239  292  339  392
   10   51  110  151  210  251  310  351
    9   76  110  181  210  286  311  391
   30   89  128  187  226  286  324  384
   17   18   67  121  167  267  329  367
   36   84  136  184  236  284  336  384
   26   86  126  186  226  286  326  386
   23   97  122  197  222  297  322  397
   27   65  128  164  229  263  329  363
    5   90  105  191  204  291  304  391
   43   79  142  178  241  276  340  375
    7   64  107  164  207  264  307  364
   17   80  117  179  216  278  316  377
    3   80  103  182  203  284  302  386
   40   76  140  173  240  270  341  367
   34   64  134  165  234  265  334  366
   14   61  114  161  214  261  314  361
   30   91  130  190  230  290  330  389
   23   66  122  167  221  269  320  370
   46   94  146  194  247  294  347  394
    2   98  102  197  203  296  303  396
   34   88  135  188  235  288  335  388
   15   65  112  163  209  260  306  358
   17   75  117  176  217  277  317  378
   45   86  144  186  244  286  343  386
    9   64  110  164  210  264  310  364
   23   87  126  187  229  287  332  388
   38   94  138  195  239  295  339  395
   23   97  123  196  224  294  324  393
   46   76  146  176  247  276  347  376
   35   75  135  175  235  274  335  374
   34   66  134  166  234  266  333  366
   34   50  134  150  234  250  334  350
   47   70  146  171  245  272  344  373
   48   82  148  180  248  278  348  376
   27   80  127  180  228  279  328  379
    6   56  105  155  205  254  304  353
   41   87  140  187  239  287  338  387
    7   78  107  178  207  278  307  378
   46   64  142  165  238  267  334  368
   46   66  146  169  246  272  345  375
   43   69  142  166  242  264  342  362
    2   51  102  151  201  252  300  352
    1    2   62   63  111  112  150  151
   12   92  112  192  212  292  312  392
   14   92  114  192  214  292  314  392
   28   97  130  198  231  298  333  398
   20   90  120  189  220  289  320  389
   49   59  149  158  249  258  349  357
   23   92  123  192  223  291  323  391
   30   75  136  137  176  243  277  349
    0   50  100  150  200  250  300  350
   26   62  128  162  229  263  331  364
   19   20   57   58  111  160  203  262
    3   65  103  165  203  265  303  365
   16   73  116  173  216  273  316  373
   16   59  117  159  217  260  317  360
   20   80  120  181  220  281  319  381
   24   25   26   76  142  143  144  174
    7   52  107  151  207  251  308  350
   23   58   59  123  157  224  256  355
   32   74  132  174  231  273  331  372
   11   90  111  190  211  290  311  390
   35   91  136  191  236  291  336  391
   39   63  136  161  233  260  330  358
   45   60  146  160  247  261  348  361
   26   91  124  190  223  288  321  386
    4   85  104  185  205  284  305  384
   31   59  133  159  234  260  336  360
   11   61  111  161  211  261  311  361
   18   98  118  198  217  297  317  397
    6   59  105  158  204  258  303  357
   39   72  140  172  240  271  340  371
   14   64  114  164  214  264  314  364
   18   93  118  193  218  293  318  393
    2   61  102  159  202  257  302  355
   47   81  147  181  247  281  347  381
   36   98  135  195  235  292  334  389
   45   96  146  195  247  294  348  393
   43   84  144  184  244  285  344  385
   12   89  111  188  211  288  311  387
    8   69  107  171  206  272  305  374
   44   59   60  146  156  248  249  252
   44   61  145  160  246  260  347  360
   18   76  118  176  217  277  317  378
   16   86  115  186  214  286  313  386
   46   89  147  188  248  287  349  386
   11   92  111  191  211  290  311  389
   20   77  119  177  217  276  316  376
   32   72  132  172  232  272  332  372
    3   92  103  191  203  291  303  391
   33   72  134  172  235  272  336  372
   16   86  117  188  219  290  320  392
   10   58  110  158  210  258  310  358
   42   58  142  158  242  258  342  358
   14   70  113  173  213  276  313  379
   29   79  131  182  232  285  334  388
   52  122  151  219  220  250  317  350
   13   52  113  151  213  251  314  351
   35   51  135  151  235  251  335  351
   28   94  130  194  231  294  333  394
    2   82  102  183  202  283  302  384
    6   62  106  162  206  262  306  362
   14   87  113  187  213  287  313  388
    2   85  102  184  202  283  301  382
   46   62  142  161  238  260  334  359
   28   84   85   86  125  126  196  197
    5   80  105  180  205  280  305  380
   35   77  135  177  235  277  335  377
   22   84  121  183  221  282  320  381
    4   56  103  157  201  257  300  358
   29   68  129  168  229  268  329  368
   28   62  130  163  232  265  334  366
    8   83  108  183  208  283  308  383
   41   68  142  169  243  269  344  369
    7   96  107  196  207  296  307  397
   34   58  134  158  234  258  334  358
   26   60  157  224  254  323  351  352
   23   24   79  115  180  206  207  282
   43   76  143  176  243  277  344  378
   18   60  118  161  218  261  318  361
   16   80  114  182  212  284  309  386
   11   53  109  155  208  258  306  360
   11   82  111  182  211  282  311  382
   43   97   98  145  195  247  293  349
    5   85  105  185  205  285  305  385
   32   99  132  198  233  298  333  397
   11   91  111  191  211  291  311  391
    5   95  106  196  206  296  307  397
    3   79  103  179  203  278  303  377
   32   83  133  182  234  282  335  381
    4   53  104  152  204  251  305  351
   37   92  137  192  236  292  336  392
   39   62  136  157  232  233  251  252
   39   62  139  164  239  265  339  367
   45   90  145  191  245  291  345  392
    5    6   66   67  103  167  201  268
   40   72  141  171  241  270  342  369
   15   69  115  169  215  269  315  369
   26   27   65  126  166  267  324  368
    4   88  103  187  202  286  301  385
   40   77  141  171  242  265  344  359
   14   80  114  180  215  280  315  380
   46   55  146  155  246  255  346  355
   40   41   55   56  145  165  166  249
   36   65  135  166  235  266  335  367
   17   86  116  184  215  283  314  381
   17   51  117  152  217  252  316  353
   31   72  131  172  231  272  331  371
   45   54  145  155  246  256  346  356
   47   90  146  191  246  292  346  393
   18   68  118  169  218  269  318  369
   40   83  142  183  244  284  346  384
   26   96  126  196  227  297  327  397
    6   87  105  188  205  289  304  390
   17   53  117  153  217  253  316  353
   10   61  110  160  211  259  311  358
   15   62  115  163  215  263  316  363
   20   69  118  171  216  272  314  374
   44   68  144  169  244  269  344  369
   16   64  116  164  215  263  315  363
    3   78  103  178  203  278  304  378
   40   82  140  182  240  281  341  381
   45   62  145  162  245  262  345  362
   35   54  135  155  236  256  336  356
   42   73  141  174  241  274  340  374
    3   66  103  166  203  266  303  366
   34   72  134  172  235  273  335  374
    3   71  104  166  205  261  306  356
   18   63  118  163  218  263  318  363
   36   88  135  188  235  288  335  388
   46   80  147  180  247  280  347  380
   22   80  122  178  222  277  322  376
    8    9   54  115  116  153  222  251
   19   64  118  165  218  266  318  367
   41   66  138  165  235  264  332  363
    2   63  103  163  203  263  303  363
   41   94  140  194  239  294  338  394
   43   73  143  173  243  273  343  373
   15   74  115  174  215  273  315  373
   20   69  119  172  219  275  318  378
   40   41   85   86  136  137  194  195
   40   79  139  179  238  279  337  379
    9   58  109  157  209  256  309  355
    2   70  103  171  204  272  305  372
   38   91  138  191  239  291  340  391
   39   72  140  170  240  269  341  367
   44   55  144  155  244  255  344  355
    7   90  106  193  205  295  304  398
    9   52  108  153  208  254  308  355
   22   89  121  190  220  291  319  392
   41   86  141  186  241  285  342  385
   42   89  142  189  242  289  341  389
   46   85  147  181  248  277  349  373
    5   59  105  159  205  259  305  359
   47   75  147  177  247  279  347  381
   39   60  142  154  155  244  245  250
   19   96  119  197  218  298  318  399
    5   74  104  174  204  274  304  374
   27   75  128  175  228  275  328  375
   40   93  142  192  244  291  346  391
   28   65  127  162  226  258  259  355
   32   65  133  165  234  266  335  366
   23   60  124  158  226  257  327  356
    6   52  103  104  154  201  256  257
    1   81  101  181  201  281  301  381
   48   87  148  188  247  288  347  388
   46   57  147  157  248  258  349  358
   32   76  132  176  232  276  332  376
   29   90  131  190  233  291  335  392
    3   58  102  159  202  260  302  361
   15   16   86   87  126  127  195  196
   48   54  148  154  248  254  348  354
   35   86  136  186  237  287  338  387
   23   87  187  226  227  287  328  387
   44   51  144  154  244  257  344  360
    0   74  100  174  201  274  301  374
   46   91  147  191  247  291  348  391
   10   67  109  167  209  268  309  368
   40   54  140  154  239  253  339  353
    5   89  105  189  205  288  305  388
   11   99  111  199  211  299  311  399
    6   60  107  160  209  259  310  359
    6   96  109  195  211  295  314  394
    9   93  109  194  209  295  309  395
    5   91  104  191  204  291  304  391
    6   89  105  189  203  290  302  391
   20   95  116  196  213  297  309  398
    6   64  105  165  203  265  302  366
   34   93  134  193  235  293  335  394
   24   63  126  166  227  269  329  372
    1   79  101  179  201  279  301  379
    9   91  109  192  209  292  309  393
   42   73  141  175  241  278  341  380
    7   68  108  168  208  268  308  367
   22   59  122  158  222  258  321  357
   16   81  115  179  214  276  313  374
   33   80  133  180  233  280  333  380
   39   64  139  165  239  265  339  365
   41   76  141  176  241  276  341  376
   58  122  157  219  255  315  316  354
   34   88  133  188  233  289  333  389
    4   56  104  156  204  256  304  356
    4   54  104  154  204  254  304  354
   34   73  134  174  235  274  335  375
   34   35   88  132  192  229  296  326
   39   94  139  194  239  294  339  394
    7    8   55   56  113  114  150  151
   39   74  139  175  238  276  338  377
    4   92  103  192  203  293  302  393
    7   87  109  188  210  290  312  391
   38   94  139  194  239  294  340  394
   35   75  135  179  236  283  336  387
    6   93  106  193  206  293  306  393
   44   61  144  162  244  263  345  364
   43   74  142  174  241  274  339  374
   18   52  117  152  216  252  315  352
    4   64  105  164  205  265  305  365
   41   84  141  183  242  282  343  382
   20   73   74  127  128  157  158  159
   48   58  144  158  240  258  336  358
   12   58  116  154  155  220  251  252
   45   66  145  166  245  266  345  366
   19   73  119  176  220  279  320  382
   49   81  149  185  249  289  348  393
   11   61  114  161  217  261  319  362
   20   80  119  179  218  278  316  377
   30   87  129  191  227  295  326  399
   39   62  139  163  240  263  340  363
   16   67  116  167  216  267  316  367
   15   55  115  155  215  255  315  355
   14   87  113  188  211  288  310  389
    9   70  109  170  209  270  310  370
   16   17   89   90  107  108  197  198
   13   65  113  165  213  265  313  365
   43   79  144  179  245  279  346  379
   47   54  147  154  247  254  346  353
   16   59  116  159  216  260  316  360
   47   58  147  158  247  258  347  358
   33   34   64  129  164  264  321  364
   47   51  147  151  247  251  348  352
   17   74  119  120  174  222  273  373
   15   91  114  190  214  289  313  388
    5   69  103  168  200  201  266  267
   41   53  140  156  240  258  340  361
   12   57  107  159  160  202  262  263
   44   45   58   59  136  137  151  152
    2   73  102  173  202  272  303  372
    9   84  109  184  209  284  309  384
   28   74  129  174  230  274  331  374
    0   82  101  182  202  282  303  382
   39   87  139  188  240  289  340  390
   41   91  141  188  240  285  340  382
   34   93  134  192  233  292  333  392
   42   87  141  185  240  282  339  380
   40   61  140  160  240  259  340  358
   82   83  113  114  181  203  204  280
   43   44   85  146  187  249  288  289
   44   45   87  147  185  186  249  284
   46   59  145  158  244  258  343  358
   35   93  138  192  241  291  344  390
   47   91  148  190  248  289  349  387
   38   89  139  189  239  290  339  390
    2   66  102  166  202  266  302  366
   48   56  148  156  248  256  348  356
    7   62  107  162  207  262  307  362
   39   74  139  174  239  274  339  374
    6   53  106  152  205  251  305  350
   49   91  148  190  248  290  347  390
   45   73  145  173  245  273  345  373
   31   82  131  179  232  276  332  373
    4   73  104  173  204  273  304  373
   26   87  124  187  222  287  320  387
   40   57  139  157  238  257  337  357
   36   59  133  160  230  260  327  361
   36   50  134  150  231  250  329  350
   39   53  139  153  239  253  339  353
    3   60  104  160  205  260  306  360
   43   88  143  193  194  244  298  299
   42   79  142  179  242  279  343  379
    9   50  110  150  210  250  310  350
    7   83  108  181  209  280  309  378
   49   83  147  183  246  283  344  383
   36   72  137  171  237  271  337  371
    8    9   80  105  184  202  288  289
   17   61  114  160  212  259  310  358
   42   88  142  188  242  287  342  387
   11   67  108  168  206  269  304  370
   10   82  111  181  212  281  313  380
   29   59  130  161  231  263  332  365
    5   92  105  192  205  292  305  392
   11   88  112  189  212  289  312  389
    5   86  106  185  206  284  307  383
   38   82  139  180  240  277  341  375
   17   88  116  187  214  286  313  385
   32   33   97   98  143  144  190  191
   34   74  136  174  238  274  340  374
   43   85  144  185  244  285  345  385
   38   92  138  193  238  293  338  394
    8   89  109  188  210  287  311  386
   11   53  111  152  211  251  312  350
   41   65  142  164  243  263  344  362
   15   84  115  184  215  284  315  384
   13   96  113  196  214  296  314  396
   10   57  110  157  210  256  311  355
   35   77  137  177  239  277  341  378
   32   75  132  174  232  273  333  372
   44   95  143  196  243  297  342  399
    1   56  102  156  202  257  302  357
    6   58  105  158  205  258  305  358
   34   54  134  154  234  254  334  354
   17   73  116  173  216  273  316  372
   90  187  188  226  285  326  327  383
   38   39   62  143  157  158  248  253
   19   99  118  198  217  296  316  395
   30   82  128  129  181  227  280  379
   15   58  114  159  214  260  314  361
   48   58  149  158  249  259  349  359
   34   68  134  168  234  268  334  368
   45   64  146  164  247  265  348  365
   15   51  115  151  215  251  315  351
    6   68  106  168  206  268  306  368
   10   96  110  196  209  296  309  396
    9   94  109  193  209  292  309  392
   27   74  126  175  276  323  324  377
   11   89  111  189  211  288  311  388
   45   80  145  180  246  280  346  380
   27   95   96  121  122  197  216  299
   30   72  130  171  230  271  330  371
   21   61  120  161  220  261  320  361
   27   89  126  127  188  226  287  386
   21   91  119  190  217  289  315  388
   30   65  131  163  232  261  333  359
    3   75  103  175  202  275  301  375
   11   62   63  109  157  207  251  252
   11   60  113  161  215  262  317  363
   10   58  111  157  212  256  313  355
    8   63  109  164  210  265  311  367
   38   90  138  190  238  290  338  390
   16   93  116  191  216  289  317  387
   47   94  147  196  247  297  346  399
   27   77  175  223  224  273  322  371
   89  119  120  191  214  292  308  394
   38   64   65  133  158  228  251  252
   10   84   85   86  106  195  196  197
   16   81  116  181  216  281  316  381
    3   50  103  150  203  250  304  351
   74  114  115  178  204  205  281  282
   29   99  133  198  237  296  341  394
   42   60  142  160  242  260  342  360
   44   70  144  170  245  270  345  370
    6   67  106  165  205  263  305  361
   21   68  121  170  220  272  320  374
   12   57  112  157  211  257  311  357
   40   70  140  170  241  271  341  371
   44   70  144  171  245  272  345  373
    6   61  106  161  206  261  306  360
   40   86  138  186  235  286  333  386
   45   92  145  192  246  292  346  393
   44   61  144  159  243  257  343  355
   11   69  111  169  211  269  311  369
   47   96  147  194  247  292  347  390
   42   56  144  156  245  257  346  357
   36   56  135  157  235  257  335  358
   22   23   54   55  116  117  150  151
    6   85  106  185  206  285  306  385
   41   56  138  157  235  259  332  360
   16   94  116  194  216  294  316  394
   15   73  114  171  213  269  312  367
   41   69  142  169  242  269  343  369
   32   93  133  194  234  295  335  396
   36   71  136  171  236  271  336  371
   41   42   89   90  136  137  197  198
   16   54  116  154  216  254  316  354
    8   61  108  161  208  261  308  361
   44   71  144  171  244  271  345  371
    9   84   85  108  190  191  208  296
   29   65  127  162  224  259  322  356
   14   58  113  158  213  258  313  358
   48   96  147  195  246  294  345  392
   41   94  139  195  236  295  334  395
   27   84  188  223  292  321  395  396
   12   65  112  165  212  265  312  365
   34   65  134  165  234  265  334  365
   14   62  114  162  214  262  314  362
   34   70  134  170  234  270  334  370
    5   59  105  159  205  259  305  359
    5   57  104  158  204  259  303  360
   10   81  110  181  210  281  310  381
   46   95  147  194  247  294  347  394
   11   96  111  196  211  295  311  395
   44   86  144  186  244  286  345  386
   22   23   87   88  113  114  195  196
   48   58  148  158  249  258  349  358
   42   53  144  153  246  253  348  353
   39   84  139  184  239  284  339  384
   34   63  134  163  234  263  334  362
   10   54  110  155  210  256  310  356
   44   88  143  192  193  242  296  297
   36   77  136  177  236  277  336  377
   49   54  149  154  249  254  349  353
   43   54  145  154  246  254  347  355
    8   94  108  195  209  295  309  396
   14   85  114  185  214  285  314  385
    6   68  106  167  206  266  306  366
   20   62  120  161  220  260  321  359
   36   79  140  179  244  279  348  379
   17   68  117  168  217  268  317  368
   41   79  141  178  241  277  341  376
    5   94  105  195  205  296  305  397
   45   96  145  197  245  297  346  397
   48   71  148  171  248  271  348  371
   43   70  143  170  242  269  342  368
   37   85  135  186  233  287  331  388
   31   91  131  191  231  292  331  392
    1   55  102  155  203  254  304  354
    7   61  107  161  207  261  307  361
   21   94  120  193  220  292  320  392
   37   67  137  167  237  267  336  367
   31   58  132  157  233  256  333  355
   37   57  137  157  238  256  338  356
   47   79  147  179  247  279  347  379
    7   90  106  190  205  290  304  391
   42   60  142  159  242  257  342  356
   44   52  144  152  245  253  345  354
   14   68  112  166  211  265  309  363
    8   53  108  153  208  253  307  352
    8   66  107  166  206  267  305  367
    2   98  103  198  203  298  303  398
   18   50  117  150  215  250  314  350
   18   88  118  185  218  282  318  379
   81  123  181  221  222  281  320  381
   35   70  135  168  234  267  334  365
   31   62  129  161  227  260  324  359
   33   91  131  193  229  296  327  398
   40   93  140  193  240  293  340  393
   31   67  129  170  228  273  326  376
   21   51  121  152  221  252  320  352
   31   77  128  176  275  322  323  374
    3    4    5    6   67   68   69   70
   26   27   28   73  142  143  144  173
   31   96  130  197  229  297  328  398
   37   70  137  171  237  272  337  373
   31   70  131  169  231  269  331  368
   37   78  137  178  237  278  337  378
   46   83  146  183  246  284  346  384
    6   80  106  180  206  279  305  378
   21   87  121  187  220  287  320  387
   14   91  114  191  214  291  314  391
   29   30   89   90  137  138  195  245
   22   96  121  196  220  296  320  395
   21   66  120  165  220  264  320  363
    9   61  112  162  215  263  318  363
   31   63  131  162  231  262  331  362
    2   57  102  157  203  257  303  358
   32   97  134  196  236  295  338  395
   31   59  132  161  233  263  334  364
   28   56  128  156  229  256  329  357
   10   94  110  194  209  294  308  394
   24   86  122  188  221  291  320  393
    6   76  106  174  206  272  306  370
   15   90  115  187  215  285  315  382
   29   83  129  183  229  283  330  382
    9   95  110  197  211  298  311  312
    9   88  108  189  208  290  308  391
   12   79  112  179  213  278  313  378
   48   89  148  190  248  290  348  390
   31   51  131  152  232  252  332  352
    7   95  107  195  208  296  308  396
   14   56  114  156  214  256  314  356
   38   52  138  153  237  254  336  355
    4   77  105  174  205  271  305  368
   31   57  131  157  232  256  333  356
   43   68  140  172  237  276  334  380
   32   33   34   76  113  114  115  173
   49   68  148  168  247  268  346  368
   34   60  134  160  234  260  334  360
   49   95  148  195  247  295  346  395
   18   92  121  122  193  294  328  395
   39   74  140  173  241  273  342  372
   20   65  123  161  257  327  353  354
   91  126  192  193  227  294  329  396
   21   67  119  167  217  268  315  369
   33   89  133  189  233  289  333  389
   42   61  142  161  242  261  342  361
   35   84  135  184  236  284  337  384
   36   77  136  177  236  277  336  376
   11   86  111  186  211  286  311  386
   21   54  122  154  223  255  324  355
    2   61  102  160  202  259  302  358
   12   64  110  164  207  265  305  366
   34   75  133  176  232  278  331  380
   12   60  113  159  214  258  316  358
   15   86  115  186  214  286  314  386
   28   98  124  197  221  297  317  397
   42   96  142  195  243  294  344  393
    1   55  101  156  202  256  303  356
   31   70  135  168  239  265  343  363
    9   66  109  166  209  266  309  366
   84   85  124  186  223  288  322  390
    2   77  102  177  203  277  303  377
   22   66  121  167  220  268  319  368
   33   69  138  139  175  244  281  349
   44   99  144  199  244  298  344  398
    6   85  106  185  206  285  306  385
    4   85  105  185  205  284  306  384
   93  120  193  216  293  311  312  392
    7   74  108  175  209  276  310  377
   34   60  134  159  235  258  335  358
   21   22   62   63  116  117  152  153
    5   86  105  186  205  287  305  387
   20   94  120  194  220  294  319  394
   36   96  136  196  236  296  335  397
   10   75  109  176  209  276  309  376
   28   70   71  127  168  266  324  364
   14   86  114  187  214  287  313  388
    9   95  108  195  207  295  306  395
   36   94  136  193  235  293  335  393
   33   58  133  158  233  257  333  356
   47   82  147  182  247  283  347  383
   33   56  133  157  233  258  333  360
    8   99  108  199  208  299  308  398
    2   55  101  156  201  256  301  356
   40   77  142  177  244  277  346  377
   41   58  140  158  240  258  340  358
   19   85  122  184  224  282  327  381
   12   13   53   54  106  156  157  200
   26   91  126  191  227  290  327  390
   17   51  117  151  216  251  316  351
    7   73  106  173  205  273  304  372
    6   74  106  174  206  274  306  374
   38   39   40   91  116  117  118  189
   38   64  138  164  238  264  338  364
   12   83  112  183  212  282  312  382
   49   84  149  184  249  284  349  383
   35   63  135  163  236  262  336  362
   37   85  137  185  237  285  337  385
   10   65  109  163  208  262  307  360
    9   56  109  155  209  255  310  354
   30   82  128  184  226  286  324  388
   29   78  127  180  224  282  322  384
   23   87  123  186  223  284  323  383
   42   96  142  196  242  296  342  396
   33   86  134  185  235  285  336  385
   32   76  132  177  232  278  333  379
   59   60  126  163  227  266  328  369
   16   72  118  172  220  271  323  370
   11   52  111  152  212  251  312  351
    7   75  106  177  206  278  305  379
   35   60  135  160  235  260  335  360
   33   96  133  197  234  297  335  397
   41   53  141  154  241  255  341  355
   12   77  113  177  213  276  313  376
    4   87   88  103  192  203  296  297
   41   68  138  168  236  268  333  367
   34   60  134  160  234  259  334  359
    5   84  104  186  203  287  302  389
   11   56  111  156  210  256  310  356
   44   83  144  183  244  283  344  383
    8   73  109  173  210  273  311  373
   14   78  114  177  213  277  313  376
   40   55  140  154  240  254  340  353
   14   51  114  151  214  251  313  350
    3   76  104  176  204  276  305  376
   10   83  110  183  210  283  310  383
   16   60  116  160  216  260  316  360
    9   59  110  159  210  259  310  360
   33   70  131  171  230  273  328  374
   11   80  111  181  212  281  313  382
   40   93  140  193  241  292  341  391
   46   92  147  194  247  295  348  397
    4   91  104  191  204  291  304  392
   27   65  126  165  224  266  323  366
    3   66  101  102  160  200  253  254
   41   88  143  188  245  289  347  389
    3   96  106  197  209  210  298  299
   12   54  111  154  210  254  308  354
   18   77  120  176  222  275  324  374
   14   74  114  174  214  274  314  374
   15   65  113  163  210  260  307  358
   39   40   53  143  144  152  247  252
   29   95  129  196  230  296  330  396
   12   76  111  173  210  270  310  367
    5   57  105  158  206  259  306  360
   40   55  139  155  238  255  337  354
   12   74  113  176  214  277  314  379
   19   20   21   67  104  105  106  168
   34   71  134  171  234  271  334  371
   20   78  122  177  224  276  326  375
   43   71  143  171  242  271  342  371
    1   56  104  158  207  260  310  362
   37   89  137  189  237  290  337  390
    7   62  106  163  206  264  306  365
    0   57  101  155  202  253  304  351
    5    6   70  102  103  166  167  200
    6   74  106  174  206  273  306  373
   33   62  137  157  241  242  251  252
   44   75  144  175  244  275  345  375
   21   55  120  154  219  253  318  352
   36   70  132  170  228  270  324  370
   31   98  132  198  232  298  332  398
    3   58  102  157  201  257  301  357
   45   74  144  174  244  273  344  372
    6   58  106  158  206  258  306  358
   47   87  147  187  247  286  346  386
   31   92  127  128  195  196  224  299
    1   65  101  165  201  265  301  364
   20   56  120  157  219  259  318  360
    3    4    5   61  115  116  154  155
    3   69  103  169  203  268  303  368
   11   97  111  195  211  293  311  391
   37   63   64  137  156  157  237  250
   12   77  112  178  211  280  311  381
   30   51  127  152  224  253  321  354
   19   86  119  188  218  289  318  390
   15   68  115  168  215  268  315  368
   20   99  119  196  219  293  318  390
   15   60  115  160  215  260  315  360
   15   81  115  181  214  281  314  380
   47   61  147  161  247  261  347  361
   30   88  130  188  230  288  330  388
   43   93  139  195  196  235  236  298
   34   35   66   67  141  142  166  249
    8   99  107  198  207  297  307  397
   19   89  117  190  215  290  313  391
   38   73  138  173  238  273  338  373
    4   67  103  168  203  270  303  371
    3   92  103  192  203  292  303  392
   20   73  123  175  226  277  329  379
   40   62  140  162  239  263  338  363
   43   80  142  179  241  278  340  376
   43   61  143  161  243  261  343  361
   27   93  128  191  230  290  331  388
   42   59  141  159  241  259  341  359
   46   51  146  150  245  250  345  350
   23   90  122  191  220  292  319  393
   20   21   93  119  195  196  218  298
   15   60  115  161  216  262  316  363
   18   98  115  197  212  296  309  396
   41   95  141  195  241  295  341  395
   13   61  113  161  214  261  314  361
   30   80  130  179  231  279  331  379
    4   63  105  162  206  262  307  362
    4   58  104  158  204  259  304  359
   11   64  111  164  211  264  311  364
   33   87  131  188  229  289  327  390
   32   65  130  166  227  228  267  368
    5   95  105  195  205  295  305  395
   24   62  127  162  230  263  333  363
   47   55  147  155  247  255  347  355
   30   88  131  188  231  288  331  389
   38   63  138  163  238  263  338  363
    1   59  101  159  201  259  301  359
   45   91   92  143  195  196  242  299
    6   85  108  178  210  271  312  364
    5   74  106  175  207  275  308  375
   32   59  132  159  232  259  332  359
   29   70  132  170  235  270  338  371
   11   99  109  198  208  298  306  397
   20   62  118  163  216  263  314  364
   29   95  129  194  230  293  330  392
   16   59  116  160  217  260  317  360
   33   84  133  185  234  285  334  385
   18   78  117  178  217  279  317  379
   10   90  110  191  210  292  309  393
    1   69  101  167  200  266  300  364
    4   91  105  192  206  292  308  393
   37   61  138  163  239  265  339  367
   12   75  112  175  212  275  312  375
   16   72  116  172  216  273  315  374
   27   86  129  187  232  288  334  389
   27   85  127  185  228  286  329  387
   12   83  112  183  212  284  312  384
   38   60  138  160  238  260  338  360
   40   91  140  193  240  295  341  397
   12   59  112  159  212  259  312  360
   20   89  120  189  220  289  320  389
   19   63  119  163  219  263  319  362
   32   89  132  189  232  289  332  389
   35   83  136  182  237  281  337  380
   22   60  122  158  222  256  321  354
   27   82  126  182  224  282  323  382
   47   66  147  166  247  267  348  367
   41   86  141  186  241  286  341  386
   33   34   59   60  136  137  153  154
   19   95  119  195  219  295  319  395
   44   98  144  198  244  298  343  398
    7    8   95   96  101  102  189  190
    9   97  108  196  207  294  306  393
   49   74  148  174  248  273  348  372
   39   70  139  170  239  270  339  370
   41   68  142  167  243  266  344  366
   48   64  148  164  248  264  348  365
   44   73  144  171  244  268  344  366
   44   57  145  156  246  255  347  355
   18   95  118  195  218  296  318  396
    6    7   62  104  160  202  258  259
   18   96  118  196  218  296  318  396
   49   94  146  196  197  243  244  299
   11   96  111  196  210  296  310  395
   43   69  143  170  242  270  341  370
   15   63  119  162  223  261  327  360
   34   56  136  155  238  255  340  354
    7   86  107  184  207  281  307  379
   32   53  133  152  234  252  335  351
   85  124  185  223  224  285  323  384
   17   90  115  190  213  290  311  390
   31   59  131  159  231  259  331  359
    9   93  109  193  209  293  309  393
   36   94  136  194  237  294  337  395
   15   87  115  187  215  287  315  387
   43   76  143  176  243  276  343  377
   35   61  135  161  235  261  335  361
   26   50  128  152  230  254  331  356
   17   75  116  175  214  275  313  375
   44   57  144  157  244  256  344  355
   11   53  111  153  211  253  310  353
    4   60  104  160  204  260  304  360
   21   57  120  158  219  258  318  358
    3   72  103  171  204  270  304  368
    2   70  102  169  202  268  302  366
   36   52  136  152  236  252  336  352
   45   54  144  155  243  256  343  356
   94   95  123  193  221  292  319  391
    2   89  102  189  202  289  302  389
   19   96  127  128  198  236  237  299
   45   92  146  192  247  293  349  393
   31   68  128  170  171  273  322  375
    0   50  100  150  201  250  301  350
    8   90  109  190  209  289  310  389
   21   64  120  164  220  264  320  363
   49   59  149  163  249  267  348  371
   11   58  111  158  212  259  312  359
   32   91  132  191  232  291  332  391
   12   86  111  186  210  287  309  387
   35   81  140  141  184  245  246  287
   57  126  158  159  227  260  329  361
    0   67  101  168  202  269  303  370
   45   55   56  144  145  153  244  250
   36   66  134  168  232  270  330  372
    1   73  101  172  201  271  301  371
    6    7   81   82  103  180  200  279
   75  121  173  218  270  271  314  368
   30   93  127  190  224  288  321  385
   24   96  124  195  224  295  324  394
   40   92  139  192  238  292  338  392
   39   61  141  161  242  262  343  362
   10   73  110  173  210  273  310  373
    8   83  108  182  208  282  308  381
   12   70  110  171  209  271  307  372
   15   78  115  178  215  278  315  378
   28   86  128  185  229  285  329  385
   38   73  138  173  237  273  337  373
   35   51  136  151  237  252  337  352
    2   73  103  173  203  273  304  373
   18   72   73  111  112  170  205  267
   40   59  140  159  240  259  340  359
   11   65  111  165  211  265  310  365
   11   50  112  150  212  250  312  350
    9   68  109  168  209  268  310  368
   13   56  113  156  213  256  313  357
   36   50  136  150  236  250  336  350
   34   77  137  175  240  273  343  371
    3   56  103  156  204  257  304  357
   32   33   89  139  185  246  281  282
   29   99  131  198  233  297  335  396
   29   68  129  168  230  268  330  368
   26   27   57   58  136  137  153  246
   18   91  117  191  217  291  316  390
   43   84  144  184  245  284  346  384
    2   81  101  181  201  281  301  380
   21   61  120  161  220  261  320  361
    4   56  104  156  204  256  304  356
   38   70  137  170  237  269  337  369
   47   77  147  177  247  277  347  377
   22   97  123  197  224  296  395  396
   14   60  113  159  212  258  311  357
   32   99  132  199  232  299  332  399
   15   54  114  155  214  255  313  355
    7    8   66   67  102  103  157  158
   47   80  146  182  245  283  344  385
   11   95  110  195  210  295  310  395
   49   71  148  169  246  268  344  366
    6   90  107  190  207  291  307  391
   43   58  143  158  243  258  343  357
   39   86  140  186  241  285  342  385
    3   68  103  169  202  270  301  371
   49   87  148  188  247  288  346  389
   40   51  140  153  240  255  340  357
    1   91  102  190  203  289  304  387
    0   54  101  153  201  253  302  352
   13   60  118  159  223  257  328  356
   30   90  130  190  230  290  330  390
   45   55  145  155  245  255  345  355
   42   68   69  145  146  165  249  262
   36   83  137  183  237  283  338  384
   39   82  143  144  182  247  248  282
   36   92  138  139  194  195  241  297
   28   74  127  175  227  276  326  377
   38   91  138  191  238  290  338  390
    5   93  105  193  205  293  305  393
   46   84  146  184  246  284  346  384
   12   69  106  107  167  201  264  265
    5   91  105  190  204  289  304  388
   41   77  141  177  240  277  340  377
    7   71  106  171  206  272  305  372
   49   84  149  184  249  285  349  385
   17   56  113  158  210  260  306  362
   36   37   76   77  144  187  188  189
   46   72  145  170  244  269  342  368
   45   67  145  166  245  265  345  364
   31   84  130  184  228  284  327  384
   21   84  184  229  285  332  333  386
    0   87  100  188  201  289  302  390
   47   74  147  174  247  274  346  374
    6   67  106  167  206  267  306  367
   14   97  115  195  215  294  315  393
    5   70  106  172  207  274  309  376
   32   69  132  169  233  270  334  370
   36   37   73   74  144  157  158  159
   10   53  108  157  207  261  305  365
   19   63  119  163  219  262  319  362
   31   78  132  177  234  277  335  376
    7   70  108  170  209  271  310  371
   44   80  143  179  243  278  343  378
    6   81  106  179  206  277  306  375
    5   75  105  176  205  276  305  376
   66  121  163  164  218  261  314  358
   10   91  110  191  211  291  312  391
    1   80  101  180  201  280  301  380
   47   82  147  182  248  282  348  382
    5   99  105  198  204  296  304  394
   30   78  131  178  232  279  333  379
   40   87  140  187  240  287  340  387
   42   74  143  174  243  274  343  374
    3   86  102  186  202  287  302  387
   27   81  126  183  285  286  324  388
   11   84  111  184  211  284  311  384
   47   94  147  194  248  294  348  394
    7   98  107  198  207  298  307  398
   35   76  136  176  237  276  338  377
   49   73  149  173  249  273  349  373
   42   43   93  145  193  248  293  294
    0   67   68   69  112  113  152  153
   17   50  117  150  217  250  317  350
   75   76  116  117  167  207  208  259
   20   59  120  160  220  260  319  360
   41   77  142  177  244  276  346  375
   45   58  145  159  245  259  345  359
    3   93  103  193  203  293  303  392
   43   51  143  157  242  263  342  369
    2   67  103  167  204  267  305  367
   41   67  141  167  241  267  341  367
    9   66  108  166  206  265  305  364
   48   53  146  153  245  254  343  354
    1   80  102  181  203  282  303  382
   38   90  136  189  235  287  333  386
   35   74  134  173  234  273  334  373
   40   41   50  145  151  152  249  253
    8   70  108  170  208  270  308  370
   17   68  115  168  214  269  313  370
   10   11   98   99  105  194  195  200
   45   81  146  181  246  281  347  381
    4   57  104  157  203  257  303  357
   35   72  140  141  168  246  264  265
    7   86   87  107  192  193  208  298
   12   55  112  155  212  255  312  354
   18   19   59  121  160  223  260  360
   48   88  147  190  247  291  346  393
   24   94  123  194  222  295  321  395
   36   82  136  182  236  282  336  382
   30   85  131  185  232  286  333  386
   36   99  134  199  232  299  331  398
   17   82  117  182  217  282  317  382
   84  127  180  229  277  331  332  373
   12   64  111  165  211  266  311  367
   30   93  130  191  230  290  330  388
   13   62  114  162  214  261  315  361
    6   93  105  191  203  288  302  385
   43   68  145  166  247  263  264  349
   13   73  112  176  211  279  310  382
   29   85  126  127  191  192  224  298
   47   90  148  190  248  289  348  389
   89  122  185  219  281  316  317  377
   12   55  109  156  206  256  303  357
   39   63  139  163  240  262  340  362
    3   59  102  158  201  256  301  355
   19   64  119  164  219  264  319  364
   10   77  110  177  210  277  310  377
   14   57  112  157  211  256  309  356
   11   12   69   70  100  101  174  175
   37   68  137  168  238  268  338  368
   21   76  121  177  221  278  321  378
   48   57  148  157  248  257  348  357
    7   90  105  189  204  288  302  387
   32   96  133  197  234  297  334  398
   44   51  146  147  153  248  249  255
   35   78  135  178  235  279  335  379
   13   94  113  194  213  294  313  394
    3   84  104  184  205  284  307  384
   31   32   33   60   61  147  148  165
   45   77  147  175  248  249  273  274
   12   85  112  186  212  287  313  389
   15   70  114  170  214  270  314  370
   42   43   65   66  138  153  154  155
   12   69  112  168  213  268  314  367
   38   80  139  177  239  274  339  372
   23   73  122  174  222  274  321  375
   15   86  115  186  214  286  314  386
    6   96  107  197  207  298  307  399
   46   85  146  185  246  285  346  385
   23   81  124  181  226  281  327  382
   10   60  110  160  210  261  310  361
    3   91  101  102  187  188  200  284
   21   72  124  171  227  271  330  370
   35   59  135  158  236  258  336  357
    7   85  108  185  209  285  309  385
   11   63  111  164  211  265  311  366
   32   74  128  174  274  321  322  375
    8   88  108  187  208  286  307  385
   37   92  138  192  240  292  341  393
   21   88  121  191  221  293  321  395
   38   74  137  174  237  275  336  375
   30   72  130  172  230  272  330  372
   33   73  133  171  233  269  333  367
   22   88  122  188  221  288  321  388
   30   60  131  155  156  232  251  252
   29   58  130  158  230  258  331  358
   26   75  176  223  224  277  322  378
   43   87  143  186  242  285  342  384
   46   85  143  184  240  283  337  382
    7   56  107  156  207  256  307  356
   30   79  131  178  232  277  333  376
   28   80  129  181  229  281  329  382
   11   55  110  155  209  256  308  357
   11   12   95  119  120  197  227  299
    8   86  108  187  208  289  308  390
   46   87  146  186  247  285  348  384
   39   77  140  177  241  276  342  376
    9   10   63   64  103  104  168  169
    4   63  103  164  203  266  303  367
   36   66  136  165  235  264  335  363
   30   82  131  182  231  281  332  381
   42   91  143  190  243  289  344  388
    4   50  103  150  202  251  300  351
   30   85  131  186  233  286  334  387
    4    5   92  108  196  211  212  299
    7   67  107  167  207  267  307  367
   14   78  113  179  213  280  313  381
   31   89  131  191  231  292  331  394
    1   54  101  154  202  254  302  354
   23   98  122  198  221  299  320  399
   28   29   55   56  120  121  150  151
    9   83  105  106  176  177  202  270
   23   97  124  198  226  298  327  399
   38   60  138  159  238  258  339  357
   23   57  122  157  220  257  319  357
    1   93  102  193  203  292  304  392
   21   78  120  177  219  277  318  376
   43   44   92   93  134  135  197  198
   44   67  144  167  244  267  344  367
    5   86  104  187  204  287  304  387
   47   77  148  175  248  274  348  372
    7   52  107  152  206  252  305  351
    2   56  103  156  203  256  304  356
    8   67  108  167  208  267  308  367
    3   61  103  161  203  261  303  361
   21   82  120  184  219  287  318  389
   34   68  134  168  234  268  334  368
    4   50  103  152  203  254  302  356
   22   63   64  123  163  224  263  362
   44   59  145  158  245  258  345  358
   30   92  130  192  230  292  330  392
   28   62  127  161  226  261  324  361
    9   10   61  106  157  203  252  253
    4   61  104  160  204  260  304  359
   28   91   92  127  194  226  297  399
   29   92  129  192  229  292  329  392
    6   65  106  165  206  265  306  365
   31   64  131  164  231  264  331  365
   42   56  144  154  246  252  348  350
    6   63  105  162  205  261  304  360
   39   57  139  157  240  257  340  356
    4   85  102  181  182  201  278  300
   46   81  146  181  246  282  346  382
   17   88  116  190  215  292  314  394
   48   64  148  164  248  263  348  363
   38   92  137  193  237  293  337  393
   43   88  144  188  245  288  346  388
   41   89  143  188  245  288  347  387
   37   60  138  159  238  257  339  356
    8   86  108  186  208  286  308  386
   27   68  128  167  228  265  328  364
    4   79  103  176  203  274  303  371
    4   68  104  166  204  263  304  361
    8    9   64   65   66   67   68  102
   39   95  139  195  239  296  338  397
   48   93  148  192  248  291  348  390
   10   53  110  154  210  255  309  355
   22   23   79   80  111  112  177  200
   33   60  134  161  235  262  336  363
   10   83  110  183  210  283  310  383
   38   53  138  152  238  252  338  352
   21   22   23   60  110  111  158  200
   13   87  113  191  213  295  313  399
   12   61  112  161  212  261  312  361
   35   71  137  169  239  267  341  365
   42   66  142  167  243  268  343  369
    5   52  105  152  206  252  306  352
    9   77  109  179  210  281  310  383
   11   67  109  166  207  265  306  365
    5   51  104  151  202  250  301  350
   23   87  122  189  221  290  320  392
   35   79  135  179  234  278  334  378
   43   83  143  183  243  283  344  383
   43   96  143  196  243  296  344  396
    2   53  102  153  202  253  302  353
    0   79   80  106  107  191  192  193
   24   87  123  187  221  287  320  387
   39   60  139  160  239  260  339  360
    5   56  104  157  204  257  303  358
   15   97  115  197  215  297  314  397
   10   58  109  158  208  258  307  358
    0   84  100  184  201  285  301  386
   19   69  119  169  219  269  319  369
   32   82  132  181  232  280  333  379
    2   95  102  196  202  296  301  396
   49   76  149  176  249  276  349  376
   39   75  140  176  240  277  341  378
   47   68  147  168  247  268  347  368
   32   58  133  159  234  259  335  359
   36   62  137  162  238  261  340  361
   38   53  138  153  238  253  338  353
    9   76  108  176  207  276  305  376
   48   74  148  174  248  274  348  374
   46   59  146  159  246  259  345  359
   40   83  140  183  240  283  340  383
    9   63  109  163  210  262  310  362
   44   95  144  196  244  296  344  396
   47   87  146  187  246  288  345  388
   23   81  123  182  222  282  322  383
   13   90  113  191  213  291  314  392
   36   99  137  198  237  297  337  396
    4   51  104  152  203  254  303  355
   19   20   87   88  104  105  177  178
   11   57  111  157  211  257  311  357
   34   51  135  152  236  252  338  353
   21   75  121  175  221  275  321  375
   47   89   90  147  194  247  298  299
   17   84  120  184  222  223  284  384
   15   59  115  159  215  258  315  358
   45   59  146  158  247  257  348  357
   43   97  145  195  247  292  349  390
   40   88  140  188  240  288  340  388
   39   77  139  177  239  277  339  377
   20   87  120  188  219  288  319  389
    9   74  108  174  208  274  307  374
    3   80  103  178  203  276  303  374
   17   57  117  156  217  255  317  354
    1   92  100  193  200  293  300  394
   31   90  131  193  231  296  332  399
    4   85  105  185  206  285  307  385
    6    7   62  107  157  158  208  253
   46   72  145  172  244  271  343  371
   41   55  141  157  240  259  340  361
   21   67  122  164  223  261  324  358
   38   72  138  172  238  272  338  372
   12   81  109  184  206  286  303  389
   46   58   59  144  155  242  251  252
   61  123  163  221  264  265  319  366
   48   58  148  158  248  258  348  358
   33   52  133  152  233  252  333  352
   36   80  136  180  236  280  336  380
   30   31   92  137  192  243  293  349
   24   59  159  160  226  260  326  361
   22   65  121  164  220  263  319  362
   15   57  115  158  215  259  315  360
   19   64  119  164  219  264  319  364
   42   87  142  188  241  289  340  389
   37   38   83  143  183  248  282  283
   43   74  142  174  241  273  340  373
    4   63  104  162  205  260  305  359
   30   86  130  186  230  286  330  386
    8   66  106  167  204  268  302  369
    6   55  106  156  206  256  306  357
   24   82  123  183  222  284  321  385
   31   77  131  177  231  277  331  377
   38   58  138  158  238  258  338  358
   16   56  115  157  215  258  314  359
   18   93  120  192  221  292  322  391
   16   17   76   77  108  181  182  200
   19   54  118  153  217  252  316  352
   15   76  114  180  213  284  311  388
   31   90  133  191  236  292  338  394
   35   68  135  168  235  268  334  367
   27   73   74   75  128  187  188  229
